kanda.sukta	riks
1.1	4
1.2	4
1.3	9
1.4	4
1.5	4
1.6	4
1.7	7
1.8	4
1.9	4
1.10	4
1.11	6
1.12	4
1.13	4
1.14	4
1.15	4
1.16	4
1.17	4
1.18	4
1.19	4
1.20	4
1.21	4
1.22	4
1.23	4
1.24	4
1.25	4
1.26	4
1.27	4
1.28	4
1.29	6
1.30	4
1.31	4
1.32	4
1.33	4
1.34	5
1.35	4
2.1	5
2.2	5
2.3	6
2.4	6
2.5	7
2.6	5
2.7	5
2.8	5
2.9	5
2.10	8
2.11	5
2.12	8
2.13	5
2.14	6
2.15	6
2.16	5
2.17	6
2.18	5
2.19	5
2.20	5
2.21	5
2.22	5
2.23	5
2.24	8
2.25	5
2.26	5
2.27	7
2.28	5
2.29	7
2.30	5
2.31	5
2.32	6
2.33	7
2.34	5
2.35	5
2.36	6
3.1	6
3.2	6
3.3	6
3.4	7
3.5	8
3.6	8
3.7	7
3.8	6
3.9	6
3.10	13
3.11	8
3.12	9
3.13	7
3.14	6
3.15	8
3.16	7
3.17	9
3.18	6
3.19	8
3.20	10
3.21	10
3.22	6
3.23	6
3.24	7
3.25	6
3.26	6
3.27	6
3.28	6
3.29	8
3.30	7
3.31	11
4.1	7
4.2	8
4.3	7
4.4	8
4.5	7
4.6	8
4.7	7
4.8	7
4.9	10
4.10	7
4.11	12
4.12	7
4.13	7
4.14	9
4.15	16
4.16	9
4.17	8
4.18	8
4.19	8
4.20	9
4.21	7
4.22	7
4.23	7
4.24	7
4.25	7
4.26	7
4.27	7
4.28	7
4.29	7
4.30	8
4.31	7
4.32	7
4.33	8
4.34	8
4.35	7
4.36	10
4.37	12
4.38	7
4.39	10
4.40	8
5.1	9
5.2	9
5.3	11
5.4	10
5.5	9
5.6	14
5.7	10
5.8	9
5.9	8
5.10	8
5.11	11
5.12	11
5.13	11
5.14	13
5.15	11
5.16	11
5.17	18
5.18	15
5.19	15
5.20	12
5.21	12
5.22	14
5.23	13
5.24	17
5.25	13
5.26	12
5.27	12
5.28	14
5.29	15
5.30	17
5.31	12
6.1	3
6.2	3
6.3	3
6.4	3
6.5	3
6.6	6
6.7	3
6.8	3
6.9	6
6.10	3
6.11	3
6.12	3
6.13	3
6.14	3
6.15	3
6.16	4
6.17	4
6.18	3
6.19	3
6.20	3
6.21	3
6.22	3
6.23	3
6.24	3
6.25	3
6.26	3
6.27	3
6.28	3
6.29	3
6.30	3
6.31	3
6.32	3
6.33	3
6.34	5
6.35	3
6.36	3
6.37	3
6.38	4
6.39	3
6.40	3
6.41	3
6.42	3
6.43	3
6.44	3
6.45	3
6.46	3
6.47	3
6.48	3
6.49	3
6.50	3
6.51	3
6.52	3
6.53	3
6.54	3
6.55	3
6.56	2
6.57	3
6.58	3
6.59	3
6.61	3
6.62	3
6.63	4
6.64	3
6.65	3
6.66	3
6.67	3
6.68	3
6.69	3
6.70	3
6.71	3
6.72	3
6.73	3
6.74	3
6.75	3
6.76	4
6.77	3
6.78	3
6.79	3
6.80	3
6.81	3
6.82	3
6.83	4
6.84	4
6.85	3
6.86	3
6.87	3
6.88	3
6.89	3
6.91	3
6.92	3
6.93	3
6.94	3
6.95	3
6.96	3
6.97	3
6.98	3
6.99	3
6.100	3
6.101	3
6.102	3
6.103	3
6.104	3
6.105	3
6.106	3
6.107	4
6.108	5
6.109	3
6.110	3
6.111	4
6.112	3
6.113	3
6.114	3
6.115	3
6.116	3
6.117	3
6.118	3
6.119	3
6.120	3
6.121	4
6.122	5
6.123	5
6.124	3
6.125	3
6.126	3
6.127	3
6.128	4
6.129	3
6.130	4
6.131	3
6.132	5
6.133	5
6.134	3
6.135	3
6.136	3
6.137	3
6.138	5
6.139	5
6.140	3
6.141	3
6.142	3
7.1	2
7.2	1
7.3	1
7.4	1
7.5	5
7.6	4
7.7	1
7.8	1
7.9	4
7.10	1
7.11	1
7.12	4
7.13	2
7.14	4
7.15	1
7.16	1
7.17	4
7.18	2
7.19	1
7.20	6
7.21	1
7.22	2
7.23	1
7.24	1
7.25	2
7.26	8
7.27	1
7.28	1
7.29	2
7.30	1
7.31	1
7.32	1
7.33	1
7.34	1
7.35	3
7.36	1
7.37	1
7.38	5
7.39	1
7.40	2
7.41	2
7.42	2
7.43	1
7.44	1
7.45	2
7.46	3
7.47	2
7.48	2
7.49	2
7.50	9
7.51	1
7.52	2
7.53	7
7.54	2
7.55	1
7.56	8
7.57	2
7.58	2
7.59	1
7.60	7
7.61	2
7.62	1
7.63	1
7.64	2
7.65	3
7.66	1
7.67	1
7.68	3
7.69	1
7.70	5
7.71	1
7.72	3
7.73	11
7.74	4
7.75	2
7.76	6
7.77	3
7.78	2
7.79	4
7.80	4
7.81	6
7.82	6
7.83	4
7.84	3
7.85	1
7.86	1
7.87	1
7.88	1
7.89	4
7.90	3
7.91	1
7.92	1
7.93	1
7.94	1
7.95	3
7.96	1
7.97	8
7.98	1
7.99	1
7.100	1
7.101	1
7.102	1
7.103	1
7.104	1
7.105	1
7.106	1
7.107	1
7.108	2
7.109	7
7.110	3
7.111	1
7.112	2
7.113	2
7.114	2
7.115	4
7.116	2
7.117	1
7.118	1
8.1	21
8.2	28
8.3	26
8.4	25
8.5	21
8.6	26
8.7	28
8.8	24
8.9	26
8.10	33
9.1	24
9.2	25
9.3	31
9.4	24
9.5	38
9.6	63
9.7	26
9.8	22
9.9	22
9.10	28
11.1	37
11.2	31
11.3	244
12.1	63
12.2	55
12.3	60
12.4	53
12.5	73
13.1	60
13.2	46
13.3	25
13.4	13
13.5	8
13.6	7
13.7	17
13.8	6
13.9	5
15.1	6
15.2	4
15.3	11
15.6	1
15.7	4
15.8	3
15.9	3
15.10	10
15.11	11
15.12	11
15.13	9
15.14	12
15.15	9
15.16	7
15.17	10
15.18	5
16.1	13
16.2	6
16.3	6
16.4	7
16.5	6
16.6	11
16.7	13
16.8	27
16.9	4
17.1	30
19.1	3
19.2	5
19.3	4
19.4	4
19.5	1
19.6	18
19.7	5
19.8	7
19.9	14
19.10	10
19.11	6
19.12	1
19.13	11
19.14	1
19.15	6
19.16	2
19.17	10
19.18	10
19.19	11
19.20	4
19.21	1
19.22	21
19.23	30
19.24	8
19.25	1
19.26	4
19.27	15
19.28	10
19.29	9
19.30	5
19.31	14
19.32	10
19.33	5
19.34	10
19.35	5
19.36	6
19.37	4
19.38	3
19.39	6
19.40	4
19.41	1
19.42	4
19.43	8
19.44	10
19.45	10
19.46	7
19.47	9
19.48	6
19.49	10
19.50	7
19.51	2
19.52	5
19.53	10
19.54	5
19.55	6
19.56	6
19.57	5
19.58	6
19.59	3
19.61	1
19.62	1
19.63	1
19.64	4
19.65	1
19.66	1
19.67	8
19.68	1
19.69	4
19.70	1
19.71	1
19.72	1
20.1	3
20.2	4
20.3	3
20.4	3
20.5	7
20.6	9
20.7	4
20.8	3
20.9	4
20.10	2
20.11	11
20.12	7
20.13	4
20.14	4
20.15	6
20.16	12
20.17	12
20.18	6
20.19	7
20.20	7
20.21	11
20.22	6
20.23	9
20.24	9
20.25	7
20.26	6
20.27	6
20.28	4
20.29	5
20.30	5
20.31	5
20.32	3
20.33	3
20.34	18
20.35	16
20.36	11
20.37	11
20.38	6
20.39	5
20.40	3
20.41	3
20.42	3
20.43	3
20.44	3
20.45	3
20.46	3
20.47	21
20.48	6
20.49	7
20.50	2
20.51	4
20.52	3
20.53	3
20.54	3
20.55	3
20.56	6
20.57	16
20.58	4
20.59	4
20.60	6
20.61	6
20.62	10
20.63	9
20.64	6
20.65	3
20.66	3
20.67	7
20.68	12
20.69	12
20.70	20
20.71	16
20.72	3
20.73	6
20.74	7
20.75	3
20.76	8
20.77	8
20.78	3
20.79	2
20.80	2
20.81	2
20.82	2
20.83	2
20.84	3
20.85	4
20.86	1
20.87	7
20.88	6
20.89	11
20.90	3
20.91	12
20.92	21
20.93	8
20.94	11
20.95	4
20.96	25
20.97	3
20.98	2
20.99	2
20.100	3
20.101	3
20.102	3
20.103	3
20.104	4
20.105	5
20.106	3
20.107	15
20.108	3
20.109	3
20.110	3
20.111	3
20.112	3
20.113	2
20.114	2
20.115	3
20.116	2
20.117	3
20.118	4
20.119	2
20.120	2
20.121	2
20.122	3
20.123	2
20.124	6
20.125	7
20.126	23
20.127	14
20.128	16
20.129	20
20.130	20
20.131	19
20.132	16
20.133	6
20.134	6
20.135	13
20.136	16
20.137	14
20.138	3
20.139	5
20.140	5
20.141	5
20.142	6
20.143	9

kandas=17 suktas=708 riks=5036
